Address: Binni Road, Palluruthy, Kochi, Kerala 682006
Phone: 0484 - 223 8722

latitude:9.925117
longitude:76.276306

Email :auxipal94@yahoo.in